0.0000000000 0.0000000000 -1.0000000000 1.0000000000 0.0000000000 0.0000000000 0.0000000000 0.0000000000
0.2500000000 0.0000000000 -1.0000000000 0.9166666654 0.0000000000 0.0000000000 0.0833333346 0.0000000000
0.3333333333 0.0000000000 -1.0000000000 0.8888888872 0.0000000000 0.0000000000 0.1111111128 0.0000000000
0.5000000000 0.0000000000 -1.0000000000 0.8333333308 0.0000000000 0.0000000000 0.1666666691 0.0000000000
1.0000000000 0.0000000000 -1.0000000000 0.7499999963 0.0000000000 0.0000000000 0.0000000000 0.2500000037
0.0000000000 0.0000000000 0.0000000000 0.6666666667 0.3333333333 0.0000000000 0.0000000000 0.0000000000
0.2500000000 0.0000000000 0.0000000000 0.6666663888 0.2083337502 0.0000000000 0.1249998611 0.0000000000
0.3333333333 0.0000000000 0.0000000000 0.6666664939 0.1666669262 0.0000000000 0.1666665799 0.0000000000
0.5000000000 0.0000000000 0.0000000000 0.8333333348 0.0000000000 0.0000000000 0.1666666652 0.0000000000
1.0000000000 0.0000000000 0.0000000000 0.6666666622 0.0000000000 0.0000000000 0.0000000000 0.3333333378
0.0000000000 0.0000000000 1.0000000000 0.3333330973 0.3333338054 0.3333330973 0.0000000000 0.0000000000
0.2500000000 0.0000000000 1.0000000000 0.3333333313 0.3333334652 0.0833331086 0.2500000949 0.0000000000
0.3333333333 0.0000000000 1.0000000000 0.3333331884 0.3333334465 0.0000000000 0.3333333651 0.0000000000
0.5000000000 0.0000000000 1.0000000000 0.4999997701 0.1666667816 0.0000000000 0.3333334483 0.0000000000
1.0000000000 0.0000000000 1.0000000000 0.6666666683 0.0000000000 0.0000000000 0.0000000000 0.3333333317
0.0000000000 1.0000000000 -1.0000000000 0.6666666667 0.3333333333 0.0000000000 0.0000000000 0.0000000000
0.2500000000 1.0000000000 -1.0000000000 0.6666663888 0.2083337502 0.0000000000 0.1249998611 0.0000000000
0.3333333333 1.0000000000 -1.0000000000 0.6666664939 0.1666669262 0.0000000000 0.1666665799 0.0000000000
0.5000000000 1.0000000000 -1.0000000000 0.8333333348 0.0000000000 0.0000000000 0.1666666652 0.0000000000
1.0000000000 1.0000000000 -1.0000000000 0.6666666622 0.0000000000 0.0000000000 0.0000000000 0.3333333378
0.0000000000 1.0000000000 0.0000000000 0.3333330973 0.3333338054 0.3333330973 0.0000000000 0.0000000000
0.2500000000 1.0000000000 0.0000000000 0.3333333308 0.3333334630 0.0833333365 0.2499998697 0.0000000000
0.3333333333 1.0000000000 0.0000000000 0.3333331901 0.3333334455 0.0000000000 0.3333333645 0.0000000000
0.5000000000 1.0000000000 0.0000000000 0.4999997701 0.1666667816 0.0000000000 0.3333334483 0.0000000000
1.0000000000 1.0000000000 0.0000000000 0.6666666683 0.0000000000 0.0000000000 0.0000000000 0.3333333317
0.0000000000 1.0000000000 1.0000000000 0.0000000000 0.3333333275 0.3333333333 0.3333333391 0.0000000000
0.2500000000 1.0000000000 1.0000000000 0.0000000000 0.3333341050 0.0833333333 0.5833325617 0.0000000000
0.3333333333 1.0000000000 1.0000000000 0.0000000000 0.3333333373 0.0000000000 0.6666666627 0.0000000000
0.5000000000 1.0000000000 1.0000000000 0.1666660114 0.1666669943 0.0000000000 0.6666669943 0.0000000000
1.0000000000 1.0000000000 1.0000000000 0.3333336660 0.0000000000 0.0000000000 0.3333333333 0.3333330007
0.0000000000 2.0000000000 -1.0000000000 0.3333330973 0.3333338054 0.3333330973 0.0000000000 0.0000000000
0.2500000000 2.0000000000 -1.0000000000 0.3333333313 0.3333334652 0.0833331086 0.2500000949 0.0000000000
0.3333333333 2.0000000000 -1.0000000000 0.3333331884 0.3333334465 0.0000000000 0.3333333651 0.0000000000
0.5000000000 2.0000000000 -1.0000000000 0.4999997701 0.1666667816 0.0000000000 0.3333334483 0.0000000000
1.0000000000 2.0000000000 -1.0000000000 0.6666666683 0.0000000000 0.0000000000 0.0000000000 0.3333333317
0.0000000000 2.0000000000 0.0000000000 0.0000000000 0.3333333275 0.3333333333 0.3333333391 0.0000000000
0.2500000000 2.0000000000 0.0000000000 0.0000000000 0.3333341035 0.0833333333 0.5833325631 0.0000000000
0.3333333333 2.0000000000 0.0000000000 0.0000000000 0.3333333356 0.0000000000 0.6666666644 0.0000000000
0.5000000000 2.0000000000 0.0000000000 0.1666660114 0.1666669943 0.0000000000 0.6666669943 0.0000000000
1.0000000000 2.0000000000 0.0000000000 0.3333334690 0.0000000000 0.0000000000 0.3333333333 0.3333331977
0.0000000000 2.0000000000 1.0000000000 0.0000000000 0.0000000000 0.3333333273 0.3333333580 0.3333333146
0.2500000000 2.0000000000 1.0000000000 0.0000000000 0.0000000000 0.0833333391 0.5833333364 0.3333333245
0.3333333333 2.0000000000 1.0000000000 0.0000000000 0.0000000000 0.0000000000 0.6666666667 0.3333333333
0.5000000000 2.0000000000 1.0000000000 0.0000000000 0.0000000000 0.0000000000 0.8333333352 0.1666666648
1.0000000000 2.0000000000 1.0000000000 0.0000000000 0.0000000000 0.0000000000 0.0000000000 1.0000000000
0.0000000000 3.0000000000 -1.0000000000 0.0000000000 0.3333333275 0.3333333333 0.3333333391 0.0000000000
0.2500000000 3.0000000000 -1.0000000000 0.0000000000 0.3333341050 0.0833333333 0.5833325617 0.0000000000
0.3333333333 3.0000000000 -1.0000000000 0.0000000000 0.3333333373 0.0000000000 0.6666666627 0.0000000000
0.5000000000 3.0000000000 -1.0000000000 0.1666660114 0.1666669943 0.0000000000 0.6666669943 0.0000000000
1.0000000000 3.0000000000 -1.0000000000 0.3333336660 0.0000000000 0.0000000000 0.3333333333 0.3333330007
0.0000000000 3.0000000000 0.0000000000 0.0000000000 0.0000000000 0.3333333418 0.3333333740 0.3333332842
0.2500000000 3.0000000000 0.0000000000 0.0000000000 0.0000000000 0.0833333380 0.5833333387 0.3333333233
0.3333333333 3.0000000000 0.0000000000 0.0000000000 0.0000000000 0.0000000000 0.6666666667 0.3333333333
0.5000000000 3.0000000000 0.0000000000 0.0000000000 0.0000000000 0.0000000000 0.8333333352 0.1666666648
1.0000000000 3.0000000000 0.0000000000 0.0000000000 0.0000000000 0.0000000000 0.0000000000 1.0000000000
0.0000000000 3.0000000000 1.0000000000 0.0000000000 0.0000000000 0.0000000000 0.3333333333 0.6666666667
0.2500000000 3.0000000000 1.0000000000 0.0000000000 0.0000000000 0.0000000000 0.5833333312 0.4166666688
0.3333333333 3.0000000000 1.0000000000 0.0000000000 0.0000000000 0.0000000000 0.6666666646 0.3333333354
0.5000000000 3.0000000000 1.0000000000 0.0000000000 0.0000000000 0.0000000000 0.8333333377 0.1666666623
1.0000000000 3.0000000000 1.0000000000 0.0000000000 0.0000000000 0.0000000000 0.0000000000 1.0000000000
0.0000000000 4.0000000000 -1.0000000000 0.0000000000 0.0000000000 0.3333333273 0.3333333580 0.3333333146
0.2500000000 4.0000000000 -1.0000000000 0.0000000000 0.0000000000 0.0833333391 0.5833333364 0.3333333245
0.3333333333 4.0000000000 -1.0000000000 0.0000000000 0.0000000000 0.0000000000 0.6666666667 0.3333333333
0.5000000000 4.0000000000 -1.0000000000 0.0000000000 0.0000000000 0.0000000000 0.8333333352 0.1666666648
1.0000000000 4.0000000000 -1.0000000000 0.0000000000 0.0000000000 0.0000000000 0.0000000000 1.0000000000
0.0000000000 4.0000000000 0.0000000000 0.0000000000 0.0000000000 0.0000000000 0.3333333333 0.6666666667
0.2500000000 4.0000000000 0.0000000000 0.0000000000 0.0000000000 0.0000000000 0.5833333312 0.4166666688
0.3333333333 4.0000000000 0.0000000000 0.0000000000 0.0000000000 0.0000000000 0.6666666646 0.3333333354
0.5000000000 4.0000000000 0.0000000000 0.0000000000 0.0000000000 0.0000000000 0.8333333377 0.1666666623
1.0000000000 4.0000000000 0.0000000000 0.0000000000 0.0000000000 0.0000000000 0.0000000000 1.0000000000
0.0000000000 4.0000000000 1.0000000000 0.0000000000 0.0000000000 0.0000000000 0.0000000000 1.0000000000
0.2500000000 4.0000000000 1.0000000000 0.0000000000 0.0000000000 0.0000000000 0.2500000037 0.7499999963
0.3333333333 4.0000000000 1.0000000000 0.0000000000 0.0000000000 0.0000000000 0.3333333383 0.6666666617
0.5000000000 4.0000000000 1.0000000000 0.0000000000 0.0000000000 0.0000000000 0.5000000043 0.4999999957
1.0000000000 4.0000000000 1.0000000000 0.0000000000 0.0000000000 0.0000000000 0.0000000000 1.0000000000
