0.0000000000 0.0000000000 -1.0000000000 1.0000000000 0.0000000000 0.0000000000 0.0000000000 0.0000000000
0.2500000000 0.0000000000 -1.0000000000 0.9374999991 0.0000000000 0.0000000000 0.0000000000 0.0625000009
0.3333333333 0.0000000000 -1.0000000000 0.9166666654 0.0000000000 0.0000000000 0.0000000000 0.0833333346
0.5000000000 0.0000000000 -1.0000000000 0.8749999981 0.0000000000 0.0000000000 0.0000000000 0.1250000019
1.0000000000 0.0000000000 -1.0000000000 0.7499999963 0.0000000000 0.0000000000 0.0000000000 0.2500000037
0.0000000000 0.0000000000 0.0000000000 0.6666666669 0.3333333330 0.0000000000 0.0000000000 0.0000000000
0.2500000000 0.0000000000 0.0000000000 0.9166666622 0.0833333378 0.0000000000 0.0000000000 0.0000000000
0.3333333333 0.0000000000 0.0000000000 0.9999999960 0.0000000040 0.0000000000 0.0000000000 0.0000000000
0.5000000000 0.0000000000 0.0000000000 0.9166666682 0.0000000000 0.0000000000 0.0000000000 0.0833333318
1.0000000000 0.0000000000 0.0000000000 0.6666666622 0.0000000000 0.0000000000 0.0000000000 0.3333333378
0.0000000000 0.0000000000 1.0000000000 0.3333334793 0.3333333333 0.3333331874 0.0000000000 0.0000000000
0.2500000000 0.0000000000 1.0000000000 0.3333333087 0.3333333664 0.0833333145 0.2500000104 0.0000000000
0.3333333333 0.0000000000 1.0000000000 0.3333333398 0.3333333403 0.0000000000 0.3333333199 0.0000000000
0.5000000000 0.0000000000 1.0000000000 0.5000000273 0.1666666530 0.0000000000 0.3333333197 0.0000000000
1.0000000000 0.0000000000 1.0000000000 0.6666666683 0.0000000000 0.0000000000 0.0000000000 0.3333333317
0.0000000000 1.0000000000 -1.0000000000 0.6666666669 0.3333333330 0.0000000000 0.0000000000 0.0000000000
0.2500000000 1.0000000000 -1.0000000000 0.9166666622 0.0833333378 0.0000000000 0.0000000000 0.0000000000
0.3333333333 1.0000000000 -1.0000000000 0.9999999960 0.0000000040 0.0000000000 0.0000000000 0.0000000000
0.5000000000 1.0000000000 -1.0000000000 0.9166666682 0.0000000000 0.0000000000 0.0000000000 0.0833333318
1.0000000000 1.0000000000 -1.0000000000 0.6666666622 0.0000000000 0.0000000000 0.0000000000 0.3333333378
0.0000000000 1.0000000000 0.0000000000 0.3333334793 0.3333333333 0.3333331874 0.0000000000 0.0000000000
0.2500000000 1.0000000000 0.0000000000 0.3333334169 0.3333332565 0.0833334169 0.2499999097 0.0000000000
0.3333333333 1.0000000000 0.0000000000 0.3333343090 0.3333323267 0.0000003354 0.3333330289 0.0000000000
0.5000000000 1.0000000000 0.0000000000 0.5000000258 0.1666666538 0.0000000000 0.3333333204 0.0000000000
1.0000000000 1.0000000000 0.0000000000 0.6666666683 0.0000000000 0.0000000000 0.0000000000 0.3333333317
0.0000000000 1.0000000000 1.0000000000 0.0000000000 0.3333333333 0.3333333333 0.3333333334 0.0000000000
0.2500000000 1.0000000000 1.0000000000 0.0000000000 0.3333342971 0.0833333333 0.5833323696 0.0000000000
0.3333333333 1.0000000000 1.0000000000 0.0000000000 0.3333333352 0.0000000000 0.6666666648 0.0000000000
0.5000000000 1.0000000000 1.0000000000 0.1666674216 0.1666660435 0.0000000000 0.6666665349 0.0000000000
1.0000000000 1.0000000000 1.0000000000 0.3333335229 0.0000000000 0.0000000000 0.3333324268 0.3333340502
0.0000000000 2.0000000000 -1.0000000000 0.3333334793 0.3333333333 0.3333331874 0.0000000000 0.0000000000
0.2500000000 2.0000000000 -1.0000000000 0.3333345474 0.3333321260 0.0833345473 0.2499987793 0.0000000000
0.3333333333 2.0000000000 -1.0000000000 0.3333333557 0.3333333275 0.0000000000 0.3333333169 0.0000000000
0.5000000000 2.0000000000 -1.0000000000 0.5000000281 0.1666666526 0.0000000000 0.3333333193 0.0000000000
1.0000000000 2.0000000000 -1.0000000000 0.6666666683 0.0000000000 0.0000000000 0.0000000000 0.3333333317
0.0000000000 2.0000000000 0.0000000000 0.0000000000 0.3333333333 0.3333333333 0.3333333334 0.0000000000
0.2500000000 2.0000000000 0.0000000000 0.0000000000 0.3333343019 0.0833333333 0.5833323647 0.0000000000
0.3333333333 2.0000000000 0.0000000000 0.0000000000 0.3333333350 0.0000000000 0.6666666650 0.0000000000
0.5000000000 2.0000000000 0.0000000000 0.1666674214 0.1666660437 0.0000000000 0.6666665349 0.0000000000
1.0000000000 2.0000000000 0.0000000000 0.3333335229 0.0000000000 0.0000000000 0.3333324269 0.3333340501
0.0000000000 2.0000000000 1.0000000000 0.0000000000 0.0000000000 0.3333328191 0.3333334333 0.3333337476
0.2500000000 2.0000000000 1.0000000000 0.0000000000 0.0000000000 0.0833332822 0.5833334465 0.3333332713
0.3333333333 2.0000000000 1.0000000000 0.0000000000 0.0000000000 0.0000000000 0.6666666667 0.3333333333
0.5000000000 2.0000000000 1.0000000000 0.0000000000 0.0000000000 0.0000000000 0.5000000072 0.4999999928
1.0000000000 2.0000000000 1.0000000000 0.0000000000 0.0000000000 0.0000000000 0.0000000000 1.0000000000
0.0000000000 3.0000000000 -1.0000000000 0.0000000000 0.3333333333 0.3333333333 0.3333333334 0.0000000000
0.2500000000 3.0000000000 -1.0000000000 0.0000000000 0.3333343225 0.0833333333 0.5833323441 0.0000000000
0.3333333333 3.0000000000 -1.0000000000 0.0000000000 0.3333333350 0.0000000000 0.6666666650 0.0000000000
0.5000000000 3.0000000000 -1.0000000000 0.1666674207 0.1666660447 0.0000000000 0.6666665346 0.0000000000
1.0000000000 3.0000000000 -1.0000000000 0.3333335229 0.0000000000 0.0000000000 0.3333324268 0.3333340502
0.0000000000 3.0000000000 0.0000000000 0.0000000000 0.0000000000 0.3333328034 0.3333334344 0.3333337622
0.2500000000 3.0000000000 0.0000000000 0.0000000000 0.0000000000 0.0833333296 0.5833333449 0.3333333255
0.3333333333 3.0000000000 0.0000000000 0.0000000000 0.0000000000 0.0000000000 0.6666666667 0.3333333333
0.5000000000 3.0000000000 0.0000000000 0.0000000000 0.0000000000 0.0000000000 0.5000000072 0.4999999928
1.0000000000 3.0000000000 0.0000000000 0.0000000000 0.0000000000 0.0000000000 0.0000000000 1.0000000000
0.0000000000 3.0000000000 1.0000000000 0.0000000000 0.0000000000 0.0000000000 0.3333333333 0.6666666667
0.2500000000 3.0000000000 1.0000000000 0.0000000000 0.0000000000 0.0000000000 0.0833333346 0.9166666654
0.3333333333 3.0000000000 1.0000000000 0.0000000000 0.0000000000 0.0000000000 0.0000000000 1.0000000000
0.5000000000 3.0000000000 1.0000000000 0.0000000000 0.0000000000 0.0000000000 0.0000000000 1.0000000000
1.0000000000 3.0000000000 1.0000000000 0.0000000000 0.0000000000 0.0000000000 0.0000000000 1.0000000000
0.0000000000 4.0000000000 -1.0000000000 0.0000000000 0.0000000000 0.3333328173 0.3333334346 0.3333337481
0.2500000000 4.0000000000 -1.0000000000 0.0000000000 0.0000000000 0.0833333123 0.5833332583 0.3333334294
0.3333333333 4.0000000000 -1.0000000000 0.0000000000 0.0000000000 0.0000000000 0.6666666667 0.3333333333
0.5000000000 4.0000000000 -1.0000000000 0.0000000000 0.0000000000 0.0000000000 0.5000000072 0.4999999928
1.0000000000 4.0000000000 -1.0000000000 0.0000000000 0.0000000000 0.0000000000 0.0000000000 1.0000000000
0.0000000000 4.0000000000 0.0000000000 0.0000000000 0.0000000000 0.0000000000 0.3333333333 0.6666666667
0.2500000000 4.0000000000 0.0000000000 0.0000000000 0.0000000000 0.0000000000 0.0833333346 0.9166666648
0.3333333333 4.0000000000 0.0000000000 0.0000000000 0.0000000000 0.0000000000 0.0000000000 1.0000000000
0.5000000000 4.0000000000 0.0000000000 0.0000000000 0.0000000000 0.0000000000 0.0000000000 1.0000000000
1.0000000000 4.0000000000 0.0000000000 0.0000000000 0.0000000000 0.0000000000 0.0000000000 1.0000000000
0.0000000000 4.0000000000 1.0000000000 0.0000000000 0.0000000000 0.0000000000 0.0000000000 1.0000000000
0.2500000000 4.0000000000 1.0000000000 0.0000000000 0.0000000000 0.0000000000 0.0000000000 1.0000000000
0.3333333333 4.0000000000 1.0000000000 0.0000000000 0.0000000000 0.0000000000 0.0000000000 1.0000000000
0.5000000000 4.0000000000 1.0000000000 0.0000000000 0.0000000000 0.0000000000 0.0000000000 1.0000000000
1.0000000000 4.0000000000 1.0000000000 0.0000000000 0.0000000000 0.0000000000 0.0000000000 1.0000000000
